1 -0.001117
2 0.003123
3 -0.003471
4 -0.000585
5 -0.000769
6 -0.003124
7 -0.00325
8 -0.002174
9 0.00373
10 -0.00245
11 -0.00095
12 -0.0037
13 -0.001122
14 -0.002441
15 -0.001706
16 -0.004615
17 -0.003774
18 -0.000704
19 -0.001872
20 -0.003547
21 -0.001909
22 -0.001519
23 -0.00177
24 -0.00297
25 -0.002909
26 -0.000913
27 -0.003166
28 -0.001573
29 -0.004037
30 -0.002049
31 -0.001934
32 -2.4e-05
33 -0.002685
34 -4.8e-05
35 7.8e-05
36 0.000727
37 -0.000184
38 0.000267
39 -0.001631
40 0.003083
41 -0.000721
42 -0.000505
43 0.003389
44 -0.003688
45 -0.002193
46 -0.001267
47 -0.001512
48 -0.000185
49 -0.002784
50 0.000599
51 -0.001045
52 -0.001868
53 -0.00263
54 -0.003235
55 -0.004201
56 -0.001152
57 -0.008489
58 -0.000333
59 -0.001063
60 4.7e-05
61 0.001117
62 0.003307
63 -0.003222
64 -0.00478
65 -0.00283
66 -0.000265
67 -0.001153
68 -0.000446
69 -0.004229
70 -0.001639
71 -0.001746
72 -0.002548
73 -0.000316
74 -0.00355
75 -0.001803
76 -0.00185
77 -2.4e-05
78 -0.006139
79 0.002309
80 8.4e-05
81 -0.001016
82 -0.001842
83 -0.00353
84 0.001022
85 0.000835
86 -0.001463
87 9.3e-05
88 0.000942
89 -0.000729
90 -0.005431
91 4.4e-05
92 0.000417
93 -0.000553
94 -0.000946
95 -0.003995
96 0.000852
97 0.001827
98 -0.000517
99 -0.000335
100 -0.001491
101 -0.000262
102 -0.006679
103 -0.003203
104 0.001489
105 -0.001452
106 -0.001382
107 -0.001451
108 -0.001334
109 -0.000836
110 0.000766
111 -0.000116
112 -0.005042
113 -0.001256
114 6.3e-05
115 0.003549
116 -0.004634
117 -0.003247
118 -0.001835
119 -2.3e-05
120 -0.006252
121 -0.003816
122 -0.002696
123 -0.006984
124 -0.002023
125 -0.001914
126 -0.000386
127 -0.002609
128 -0.001762
129 -0.001116
130 0.000326
131 -0.004928
132 0.001696
133 -0.003558
134 0.000593
135 -0.000513
136 -0.008252
137 0.001473
138 -0.003436
139 -0.001793
140 -0.003339
141 -0.005376
142 0.000903
143 -0.001329
144 -0.00113
145 -0.00253
146 -0.001824
147 -0.002864
148 -0.001668
149 -0.003123
150 -0.003711
151 -0.002468
152 -7.6e-05
153 -0.002655
154 -0.000657
155 -0.001209
156 -0.002763
157 -0.00073
158 0.001625
159 -0.001861
160 -0.001319
161 -0.002919
162 0.000404
163 -0.000899
164 -0.001707
165 0.003385
166 -0.003632
167 0.001108
168 -0.004387
169 -1.7e-05
170 -0.00297
171 -0.000465
172 -0.001209
173 -0.000847
174 -0.002425
175 -0.001125
176 -0.002136
177 -0.000946
178 -0.003754
179 -0.002655
180 0.000493
181 -0.007137
182 -0.002015
183 -0.002641
184 -0.004441
185 -0.003012
186 0.002099
187 -0.002915
188 0.002591
189 -0.002571
190 -0.001111
191 -0.00755
192 -0.002404
193 -0.003459
194 -0.002509
195 -0.0007
196 0.001324
197 -0.000493
198 -0.001514
199 0.001809
200 0.000187
201 0.002546
202 -0.003081
203 -0.000803
204 -0.000794
205 -0.003414
206 -0.000813
207 0.000559
208 0.000935
209 -0.005373
210 -0.0031
211 -0.002156
212 0.001408
213 -0.003353
214 0.003971
215 0.002847
216 -0.000763
217 -0.00143
218 -0.000973
219 -0.004716
220 -0.001033
221 -0.00203
222 -0.002433
223 6.5e-05
224 6e-05
225 -0.000992
