 PAYOFF TABLE
      0.00382840     -0.02491774
      0.81673647      0.95333544

 Grid points
     -0.02491774
     -0.02442862
     -0.02393949
     -0.02345036
     -0.02296124
     -0.02247211
     -0.02198299
     -0.02149386
     -0.02100473
     -0.02051561
     -0.02002648
     -0.01953735
     -0.01904823
     -0.01855910
     -0.01806997
     -0.01758085
     -0.01709172
     -0.01660259
     -0.01611347
     -0.01562434
     -0.01513521
     -0.01464609
     -0.01415696
     -0.01366783
     -0.01317871
     -0.01268958
     -0.01220045
     -0.01171133
     -0.01122220
     -0.01073307
     -0.01024395
     -0.00975482
     -0.00926569
     -0.00877657
     -0.00828744
     -0.00779831
     -0.00730919
     -0.00682006
     -0.00633093
     -0.00584181
     -0.00535268
     -0.00486355
     -0.00437443
     -0.00388530
     -0.00339617
     -0.00290705
     -0.00241792
     -0.00192879
     -0.00143967
     -0.00095054
     -0.00046142
      0.00002771
      0.00051684
      0.00100596
      0.00149509
      0.00198422
      0.00247334
      0.00296247
      0.00345160
      0.00394072
      0.00442985
      0.00491898
      0.00540810
      0.00589723
      0.00638636
      0.00687548
      0.00736461
      0.00785374
      0.00834286
      0.00883199
      0.00932112
      0.00981024
      0.01029937
      0.01078850
      0.01127762
      0.01176675
      0.01225588
      0.01274500
      0.01323413
      0.01372326
      0.01421238
      0.01470151
      0.01519064
      0.01567976
      0.01616889
      0.01665802
      0.01714714
      0.01763627
      0.01812540
      0.01861452
      0.01910365
      0.01959278
      0.02008190
      0.02057103
      0.02106016
      0.02154928
      0.02203841
      0.02252753
      0.02301666
      0.02350579
      0.02399491
      0.02448404
      0.02497317
      0.02546229
      0.02595142
      0.02644055
      0.02692967
      0.02741880
      0.02790793
      0.02839705
      0.02888618
      0.02937531
      0.02986443
      0.03035356
      0.03084269
      0.03133181
      0.03182094
      0.03231007
      0.03279919
      0.03328832
      0.03377745
      0.03426657
      0.03475570
      0.03524483
      0.03573395
      0.03622308
      0.03671221
      0.03720133
      0.03769046
      0.03817959
      0.03866871
      0.03915784
      0.03964697
      0.04013609
      0.04062522
      0.04111435
      0.04160347
      0.04209260
      0.04258173
      0.04307085
      0.04355998
      0.04404911
      0.04453823
      0.04502736
      0.04551648
      0.04600561
      0.04649474
      0.04698386
      0.04747299
      0.04796212
      0.04845124
      0.04894037
      0.04942950
      0.04991862
      0.05040775
      0.05089688
      0.05138600
      0.05187513
      0.05236426
      0.05285338
      0.05334251
      0.05383164
      0.05432076
      0.05480989
      0.05529902
      0.05578814
      0.05627727
      0.05676640
      0.05725552
      0.05774465
      0.05823378
      0.05872290
      0.05921203
      0.05970116
      0.06019028
      0.06067941
      0.06116854
      0.06165766
      0.06214679
      0.06263592
      0.06312504
      0.06361417
      0.06410330
      0.06459242
      0.06508155
      0.06557068
      0.06605980
      0.06654893
      0.06703805
      0.06752718
      0.06801631
      0.06850543
      0.06899456
      0.06948369
      0.06997281
      0.07046194
      0.07095107
      0.07144019
      0.07192932
      0.07241845
      0.07290757
      0.07339670
      0.07388583
      0.07437495
      0.07486408
      0.07535321
      0.07584233
      0.07633146
      0.07682059
      0.07730971
      0.07779884
      0.07828797
      0.07877709
      0.07926622
      0.07975535
      0.08024447
      0.08073360
      0.08122273
      0.08171185
      0.08220098
      0.08269011
      0.08317923
      0.08366836
      0.08415749
      0.08464661
      0.08513574
      0.08562487
      0.08611399
      0.08660312
      0.08709225
      0.08758137
      0.08807050
      0.08855963
      0.08904875
      0.08953788
      0.09002700
      0.09051613
      0.09100526
      0.09149438
      0.09198351
      0.09247264
      0.09296176
      0.09345089
      0.09394002
      0.09442914
      0.09491827
      0.09540740
      0.09589652
      0.09638565
      0.09687478
      0.09736390
      0.09785303
      0.09834216
      0.09883128
      0.09932041
      0.09980954
      0.10029866
      0.10078779
      0.10127692
      0.10176604
      0.10225517
      0.10274430
      0.10323342
      0.10372255
      0.10421168
      0.10470080
      0.10518993
      0.10567906
      0.10616818
      0.10665731
      0.10714644
      0.10763556
      0.10812469
      0.10861382
      0.10910294
      0.10959207
      0.11008120
      0.11057032
      0.11105945
      0.11154858
      0.11203770
      0.11252683
      0.11301595
      0.11350508
      0.11399421
      0.11448333
      0.11497246
      0.11546159
      0.11595071
      0.11643984
      0.11692897
      0.11741809
      0.11790722
      0.11839635
      0.11888547
      0.11937460
      0.11986373
      0.12035285
      0.12084198
      0.12133111
      0.12182023
      0.12230936
      0.12279849
      0.12328761
      0.12377674
      0.12426587
      0.12475499
      0.12524412
      0.12573325
      0.12622237
      0.12671150
      0.12720063
      0.12768975
      0.12817888
      0.12866801
      0.12915713
      0.12964626
      0.13013539
      0.13062451
      0.13111364
      0.13160277
      0.13209189
      0.13258102
      0.13307015
      0.13355927
      0.13404840
      0.13453753
      0.13502665
      0.13551578
      0.13600490
      0.13649403
      0.13698316
      0.13747228
      0.13796141
      0.13845054
      0.13893966
      0.13942879
      0.13991792
      0.14040704
      0.14089617
      0.14138530
      0.14187442
      0.14236355
      0.14285268
      0.14334180
      0.14383093
      0.14432006
      0.14480918
      0.14529831
      0.14578744
      0.14627656
      0.14676569
      0.14725482
      0.14774394
      0.14823307
      0.14872220
      0.14921132
      0.14970045
      0.15018958
      0.15067870
      0.15116783
      0.15165696
      0.15214608
      0.15263521
      0.15312434
      0.15361346
      0.15410259
      0.15459172
      0.15508084
      0.15556997
      0.15605910
      0.15654822
      0.15703735
      0.15752647
      0.15801560
      0.15850473
      0.15899385
      0.15948298
      0.15997211
      0.16046123
      0.16095036
      0.16143949
      0.16192861
      0.16241774
      0.16290687
      0.16339599
      0.16388512
      0.16437425
      0.16486337
      0.16535250
      0.16584163
      0.16633075
      0.16681988
      0.16730901
      0.16779813
      0.16828726
      0.16877639
      0.16926551
      0.16975464
      0.17024377
      0.17073289
      0.17122202
      0.17171115
      0.17220027
      0.17268940
      0.17317853
      0.17366765
      0.17415678
      0.17464591
      0.17513503
      0.17562416
      0.17611329
      0.17660241
      0.17709154
      0.17758067
      0.17806979
      0.17855892
      0.17904805
      0.17953717
      0.18002630
      0.18051542
      0.18100455
      0.18149368
      0.18198280
      0.18247193
      0.18296106
      0.18345018
      0.18393931
      0.18442844
      0.18491756
      0.18540669
      0.18589582
      0.18638494
      0.18687407
      0.18736320
      0.18785232
      0.18834145
      0.18883058
      0.18931970
      0.18980883
      0.19029796
      0.19078708
      0.19127621
      0.19176534
      0.19225446
      0.19274359
      0.19323272
      0.19372184
      0.19421097
      0.19470010
      0.19518922
      0.19567835
      0.19616748
      0.19665660
      0.19714573
      0.19763486
      0.19812398
      0.19861311
      0.19910224
      0.19959136
      0.20008049
      0.20056962
      0.20105874
      0.20154787
      0.20203700
      0.20252612
      0.20301525
      0.20350437
      0.20399350
      0.20448263
      0.20497175
      0.20546088
      0.20595001
      0.20643913
      0.20692826
      0.20741739
      0.20790651
      0.20839564
      0.20888477
      0.20937389
      0.20986302
      0.21035215
      0.21084127
      0.21133040
      0.21181953
      0.21230865
      0.21279778
      0.21328691
      0.21377603
      0.21426516
      0.21475429
      0.21524341
      0.21573254
      0.21622167
      0.21671079
      0.21719992
      0.21768905
      0.21817817
      0.21866730
      0.21915643
      0.21964555
      0.22013468
      0.22062381
      0.22111293
      0.22160206
      0.22209119
      0.22258031
      0.22306944
      0.22355857
      0.22404769
      0.22453682
      0.22502594
      0.22551507
      0.22600420
      0.22649332
      0.22698245
      0.22747158
      0.22796070
      0.22844983
      0.22893896
      0.22942808
      0.22991721
      0.23040634
      0.23089546
      0.23138459
      0.23187372
      0.23236284
      0.23285197
      0.23334110
      0.23383022
      0.23431935
      0.23480848
      0.23529760
      0.23578673
      0.23627586
      0.23676498
      0.23725411
      0.23774324
      0.23823236
      0.23872149
      0.23921062
      0.23969974
      0.24018887
      0.24067800
      0.24116712
      0.24165625
      0.24214538
      0.24263450
      0.24312363
      0.24361276
      0.24410188
      0.24459101
      0.24508014
      0.24556926
      0.24605839
      0.24654752
      0.24703664
      0.24752577
      0.24801489
      0.24850402
      0.24899315
      0.24948227
      0.24997140
      0.25046053
      0.25094965
      0.25143878
      0.25192791
      0.25241703
      0.25290616
      0.25339529
      0.25388441
      0.25437354
      0.25486267
      0.25535179
      0.25584092
      0.25633005
      0.25681917
      0.25730830
      0.25779743
      0.25828655
      0.25877568
      0.25926481
      0.25975393
      0.26024306
      0.26073219
      0.26122131
      0.26171044
      0.26219957
      0.26268869
      0.26317782
      0.26366695
      0.26415607
      0.26464520
      0.26513433
      0.26562345
      0.26611258
      0.26660171
      0.26709083
      0.26757996
      0.26806909
      0.26855821
      0.26904734
      0.26953647
      0.27002559
      0.27051472
      0.27100384
      0.27149297
      0.27198210
      0.27247122
      0.27296035
      0.27344948
      0.27393860
      0.27442773
      0.27491686
      0.27540598
      0.27589511
      0.27638424
      0.27687336
      0.27736249
      0.27785162
      0.27834074
      0.27882987
      0.27931900
      0.27980812
      0.28029725
      0.28078638
      0.28127550
      0.28176463
      0.28225376
      0.28274288
      0.28323201
      0.28372114
      0.28421026
      0.28469939
      0.28518852
      0.28567764
      0.28616677
      0.28665590
      0.28714502
      0.28763415
      0.28812328
      0.28861240
      0.28910153
      0.28959066
      0.29007978
      0.29056891
      0.29105804
      0.29154716
      0.29203629
      0.29252542
      0.29301454
      0.29350367
      0.29399279
      0.29448192
      0.29497105
      0.29546017
      0.29594930
      0.29643843
      0.29692755
      0.29741668
      0.29790581
      0.29839493
      0.29888406
      0.29937319
      0.29986231
      0.30035144
      0.30084057
      0.30132969
      0.30181882
      0.30230795
      0.30279707
      0.30328620
      0.30377533
      0.30426445
      0.30475358
      0.30524271
      0.30573183
      0.30622096
      0.30671009
      0.30719921
      0.30768834
      0.30817747
      0.30866659
      0.30915572
      0.30964485
      0.31013397
      0.31062310
      0.31111223
      0.31160135
      0.31209048
      0.31257961
      0.31306873
      0.31355786
      0.31404699
      0.31453611
      0.31502524
      0.31551436
      0.31600349
      0.31649262
      0.31698174
      0.31747087
      0.31796000
      0.31844912
      0.31893825
      0.31942738
      0.31991650
      0.32040563
      0.32089476
      0.32138388
      0.32187301
      0.32236214
      0.32285126
      0.32334039
      0.32382952
      0.32431864
      0.32480777
      0.32529690
      0.32578602
      0.32627515
      0.32676428
      0.32725340
      0.32774253
      0.32823166
      0.32872078
      0.32920991
      0.32969904
      0.33018816
      0.33067729
      0.33116642
      0.33165554
      0.33214467
      0.33263380
      0.33312292
      0.33361205
      0.33410118
      0.33459030
      0.33507943
      0.33556856
      0.33605768
      0.33654681
      0.33703594
      0.33752506
      0.33801419
      0.33850331
      0.33899244
      0.33948157
      0.33997069
      0.34045982
      0.34094895
      0.34143807
      0.34192720
      0.34241633
      0.34290545
      0.34339458
      0.34388371
      0.34437283
      0.34486196
      0.34535109
      0.34584021
      0.34632934
      0.34681847
      0.34730759
      0.34779672
      0.34828585
      0.34877497
      0.34926410
      0.34975323
      0.35024235
      0.35073148
      0.35122061
      0.35170973
      0.35219886
      0.35268799
      0.35317711
      0.35366624
      0.35415537
      0.35464449
      0.35513362
      0.35562275
      0.35611187
      0.35660100
      0.35709013
      0.35757925
      0.35806838
      0.35855751
      0.35904663
      0.35953576
      0.36002489
      0.36051401
      0.36100314
      0.36149226
      0.36198139
      0.36247052
      0.36295964
      0.36344877
      0.36393790
      0.36442702
      0.36491615
      0.36540528
      0.36589440
      0.36638353
      0.36687266
      0.36736178
      0.36785091
      0.36834004
      0.36882916
      0.36931829
      0.36980742
      0.37029654
      0.37078567
      0.37127480
      0.37176392
      0.37225305
      0.37274218
      0.37323130
      0.37372043
      0.37420956
      0.37469868
      0.37518781
      0.37567694
      0.37616606
      0.37665519
      0.37714432
      0.37763344
      0.37812257
      0.37861170
      0.37910082
      0.37958995
      0.38007908
      0.38056820
      0.38105733
      0.38154646
      0.38203558
      0.38252471
      0.38301383
      0.38350296
      0.38399209
      0.38448121
      0.38497034
      0.38545947
      0.38594859
      0.38643772
      0.38692685
      0.38741597
      0.38790510
      0.38839423
      0.38888335
      0.38937248
      0.38986161
      0.39035073
      0.39083986
      0.39132899
      0.39181811
      0.39230724
      0.39279637
      0.39328549
      0.39377462
      0.39426375
      0.39475287
      0.39524200
      0.39573113
      0.39622025
      0.39670938
      0.39719851
      0.39768763
      0.39817676
      0.39866589
      0.39915501
      0.39964414
      0.40013327
      0.40062239
      0.40111152
      0.40160065
      0.40208977
      0.40257890
      0.40306803
      0.40355715
      0.40404628
      0.40453541
      0.40502453
      0.40551366
      0.40600278
      0.40649191
      0.40698104
      0.40747016
      0.40795929
      0.40844842
      0.40893754
      0.40942667
      0.40991580
      0.41040492
      0.41089405
      0.41138318
      0.41187230
      0.41236143
      0.41285056
      0.41333968
      0.41382881
      0.41431794
      0.41480706
      0.41529619
      0.41578532
      0.41627444
      0.41676357
      0.41725270
      0.41774182
      0.41823095
      0.41872008
      0.41920920
      0.41969833
      0.42018746
      0.42067658
      0.42116571
      0.42165484
      0.42214396
      0.42263309
      0.42312222
      0.42361134
      0.42410047
      0.42458960
      0.42507872
      0.42556785
      0.42605698
      0.42654610
      0.42703523
      0.42752436
      0.42801348
      0.42850261
      0.42899173
      0.42948086
      0.42996999
      0.43045911
      0.43094824
      0.43143737
      0.43192649
      0.43241562
      0.43290475
      0.43339387
      0.43388300
      0.43437213
      0.43486125
      0.43535038
      0.43583951
      0.43632863
      0.43681776
      0.43730689
      0.43779601
      0.43828514
      0.43877427
      0.43926339
      0.43975252
      0.44024165
      0.44073077
      0.44121990
      0.44170903
      0.44219815
      0.44268728
      0.44317641
      0.44366553
      0.44415466
      0.44464379
      0.44513291
      0.44562204
      0.44611117
      0.44660029
      0.44708942
      0.44757855
      0.44806767
      0.44855680
      0.44904593
      0.44953505
      0.45002418
      0.45051330
      0.45100243
      0.45149156
      0.45198068
      0.45246981
      0.45295894
      0.45344806
      0.45393719
      0.45442632
      0.45491544
      0.45540457
      0.45589370
      0.45638282
      0.45687195
      0.45736108
      0.45785020
      0.45833933
      0.45882846
      0.45931758
      0.45980671
      0.46029584
      0.46078496
      0.46127409
      0.46176322
      0.46225234
      0.46274147
      0.46323060
      0.46371972
      0.46420885
      0.46469798
      0.46518710
      0.46567623
      0.46616536
      0.46665448
      0.46714361
      0.46763274
      0.46812186
      0.46861099
      0.46910012
      0.46958924
      0.47007837
      0.47056750
      0.47105662
      0.47154575
      0.47203488
      0.47252400
      0.47301313
      0.47350225
      0.47399138
      0.47448051
      0.47496963
      0.47545876
      0.47594789
      0.47643701
      0.47692614
      0.47741527
      0.47790439
      0.47839352
      0.47888265
      0.47937177
      0.47986090
      0.48035003
      0.48083915
      0.48132828
      0.48181741
      0.48230653
      0.48279566
      0.48328479
      0.48377391
      0.48426304
      0.48475217
      0.48524129
      0.48573042
      0.48621955
      0.48670867
      0.48719780
      0.48768693
      0.48817605
      0.48866518
      0.48915431
      0.48964343
      0.49013256
      0.49062169
      0.49111081
      0.49159994
      0.49208907
      0.49257819
      0.49306732
      0.49355645
      0.49404557
      0.49453470
      0.49502383
      0.49551295
      0.49600208
      0.49649120
      0.49698033
      0.49746946
      0.49795858
      0.49844771
      0.49893684
      0.49942596
      0.49991509
      0.50040422
      0.50089334
      0.50138247
      0.50187160
      0.50236072
      0.50284985
      0.50333898
      0.50382810
      0.50431723
      0.50480636
      0.50529548
      0.50578461
      0.50627374
      0.50676286
      0.50725199
      0.50774112
      0.50823024
      0.50871937
      0.50920850
      0.50969762
      0.51018675
      0.51067588
      0.51116500
      0.51165413
      0.51214326
      0.51263238
      0.51312151
      0.51361064
      0.51409976
      0.51458889
      0.51507802
      0.51556714
      0.51605627
      0.51654540
      0.51703452
      0.51752365
      0.51801278
      0.51850190
      0.51899103
      0.51948015
      0.51996928
      0.52045841
      0.52094753
      0.52143666
      0.52192579
      0.52241491
      0.52290404
      0.52339317
      0.52388229
      0.52437142
      0.52486055
      0.52534967
      0.52583880
      0.52632793
      0.52681705
      0.52730618
      0.52779531
      0.52828443
      0.52877356
      0.52926269
      0.52975181
      0.53024094
      0.53073007
      0.53121919
      0.53170832
      0.53219745
      0.53268657
      0.53317570
      0.53366483
      0.53415395
      0.53464308
      0.53513221
      0.53562133
      0.53611046
      0.53659959
      0.53708871
      0.53757784
      0.53806697
      0.53855609
      0.53904522
      0.53953435
      0.54002347
      0.54051260
      0.54100172
      0.54149085
      0.54197998
      0.54246910
      0.54295823
      0.54344736
      0.54393648
      0.54442561
      0.54491474
      0.54540386
      0.54589299
      0.54638212
      0.54687124
      0.54736037
      0.54784950
      0.54833862
      0.54882775
      0.54931688
      0.54980600
      0.55029513
      0.55078426
      0.55127338
      0.55176251
      0.55225164
      0.55274076
      0.55322989
      0.55371902
      0.55420814
      0.55469727
      0.55518640
      0.55567552
      0.55616465
      0.55665378
      0.55714290
      0.55763203
      0.55812116
      0.55861028
      0.55909941
      0.55958854
      0.56007766
      0.56056679
      0.56105592
      0.56154504
      0.56203417
      0.56252330
      0.56301242
      0.56350155
      0.56399067
      0.56447980
      0.56496893
      0.56545805
      0.56594718
      0.56643631
      0.56692543
      0.56741456
      0.56790369
      0.56839281
      0.56888194
      0.56937107
      0.56986019
      0.57034932
      0.57083845
      0.57132757
      0.57181670
      0.57230583
      0.57279495
      0.57328408
      0.57377321
      0.57426233
      0.57475146
      0.57524059
      0.57572971
      0.57621884
      0.57670797
      0.57719709
      0.57768622
      0.57817535
      0.57866447
      0.57915360
      0.57964273
      0.58013185
      0.58062098
      0.58111011
      0.58159923
      0.58208836
      0.58257749
      0.58306661
      0.58355574
      0.58404487
      0.58453399
      0.58502312
      0.58551225
      0.58600137
      0.58649050
      0.58697962
      0.58746875
      0.58795788
      0.58844700
      0.58893613
      0.58942526
      0.58991438
      0.59040351
      0.59089264
      0.59138176
      0.59187089
      0.59236002
      0.59284914
      0.59333827
      0.59382740
      0.59431652
      0.59480565
      0.59529478
      0.59578390
      0.59627303
      0.59676216
      0.59725128
      0.59774041
      0.59822954
      0.59871866
      0.59920779
      0.59969692
      0.60018604
      0.60067517
      0.60116430
      0.60165342
      0.60214255
      0.60263168
      0.60312080
      0.60360993
      0.60409906
      0.60458818
      0.60507731
      0.60556644
      0.60605556
      0.60654469
      0.60703382
      0.60752294
      0.60801207
      0.60850119
      0.60899032
      0.60947945
      0.60996857
      0.61045770
      0.61094683
      0.61143595
      0.61192508
      0.61241421
      0.61290333
      0.61339246
      0.61388159
      0.61437071
      0.61485984
      0.61534897
      0.61583809
      0.61632722
      0.61681635
      0.61730547
      0.61779460
      0.61828373
      0.61877285
      0.61926198
      0.61975111
      0.62024023
      0.62072936
      0.62121849
      0.62170761
      0.62219674
      0.62268587
      0.62317499
      0.62366412
      0.62415325
      0.62464237
      0.62513150
      0.62562063
      0.62610975
      0.62659888
      0.62708801
      0.62757713
      0.62806626
      0.62855539
      0.62904451
      0.62953364
      0.63002277
      0.63051189
      0.63100102
      0.63149014
      0.63197927
      0.63246840
      0.63295752
      0.63344665
      0.63393578
      0.63442490
      0.63491403
      0.63540316
      0.63589228
      0.63638141
      0.63687054
      0.63735966
      0.63784879
      0.63833792
      0.63882704
      0.63931617
      0.63980530
      0.64029442
      0.64078355
      0.64127268
      0.64176180
      0.64225093
      0.64274006
      0.64322918
      0.64371831
      0.64420744
      0.64469656
      0.64518569
      0.64567482
      0.64616394
      0.64665307
      0.64714220
      0.64763132
      0.64812045
      0.64860958
      0.64909870
      0.64958783
      0.65007696
      0.65056608
      0.65105521
      0.65154434
      0.65203346
      0.65252259
      0.65301172
      0.65350084
      0.65398997
      0.65447909
      0.65496822
      0.65545735
      0.65594647
      0.65643560
      0.65692473
      0.65741385
      0.65790298
      0.65839211
      0.65888123
      0.65937036
      0.65985949
      0.66034861
      0.66083774
      0.66132687
      0.66181599
      0.66230512
      0.66279425
      0.66328337
      0.66377250
      0.66426163
      0.66475075
      0.66523988
      0.66572901
      0.66621813
      0.66670726
      0.66719639
      0.66768551
      0.66817464
      0.66866377
      0.66915289
      0.66964202
      0.67013115
      0.67062027
      0.67110940
      0.67159853
      0.67208765
      0.67257678
      0.67306591
      0.67355503
      0.67404416
      0.67453329
      0.67502241
      0.67551154
      0.67600066
      0.67648979
      0.67697892
      0.67746804
      0.67795717
      0.67844630
      0.67893542
      0.67942455
      0.67991368
      0.68040280
      0.68089193
      0.68138106
      0.68187018
      0.68235931
      0.68284844
      0.68333756
      0.68382669
      0.68431582
      0.68480494
      0.68529407
      0.68578320
      0.68627232
      0.68676145
      0.68725058
      0.68773970
      0.68822883
      0.68871796
      0.68920708
      0.68969621
      0.69018534
      0.69067446
      0.69116359
      0.69165272
      0.69214184
      0.69263097
      0.69312010
      0.69360922
      0.69409835
      0.69458748
      0.69507660
      0.69556573
      0.69605486
      0.69654398
      0.69703311
      0.69752224
      0.69801136
      0.69850049
      0.69898961
      0.69947874
      0.69996787
      0.70045699
      0.70094612
      0.70143525
      0.70192437
      0.70241350
      0.70290263
      0.70339175
      0.70388088
      0.70437001
      0.70485913
      0.70534826
      0.70583739
      0.70632651
      0.70681564
      0.70730477
      0.70779389
      0.70828302
      0.70877215
      0.70926127
      0.70975040
      0.71023953
      0.71072865
      0.71121778
      0.71170691
      0.71219603
      0.71268516
      0.71317429
      0.71366341
      0.71415254
      0.71464167
      0.71513079
      0.71561992
      0.71610905
      0.71659817
      0.71708730
      0.71757643
      0.71806555
      0.71855468
      0.71904381
      0.71953293
      0.72002206
      0.72051119
      0.72100031
      0.72148944
      0.72197856
      0.72246769
      0.72295682
      0.72344594
      0.72393507
      0.72442420
      0.72491332
      0.72540245
      0.72589158
      0.72638070
      0.72686983
      0.72735896
      0.72784808
      0.72833721
      0.72882634
      0.72931546
      0.72980459
      0.73029372
      0.73078284
      0.73127197
      0.73176110
      0.73225022
      0.73273935
      0.73322848
      0.73371760
      0.73420673
      0.73469586
      0.73518498
      0.73567411
      0.73616324
      0.73665236
      0.73714149
      0.73763062
      0.73811974
      0.73860887
      0.73909800
      0.73958712
      0.74007625
      0.74056538
      0.74105450
      0.74154363
      0.74203276
      0.74252188
      0.74301101
      0.74350014
      0.74398926
      0.74447839
      0.74496751
      0.74545664
      0.74594577
      0.74643489
      0.74692402
      0.74741315
      0.74790227
      0.74839140
      0.74888053
      0.74936965
      0.74985878
      0.75034791
      0.75083703
      0.75132616
      0.75181529
      0.75230441
      0.75279354
      0.75328267
      0.75377179
      0.75426092
      0.75475005
      0.75523917
      0.75572830
      0.75621743
      0.75670655
      0.75719568
      0.75768481
      0.75817393
      0.75866306
      0.75915219
      0.75964131
      0.76013044
      0.76061957
      0.76110869
      0.76159782
      0.76208695
      0.76257607
      0.76306520
      0.76355433
      0.76404345
      0.76453258
      0.76502171
      0.76551083
      0.76599996
      0.76648908
      0.76697821
      0.76746734
      0.76795646
      0.76844559
      0.76893472
      0.76942384
      0.76991297
      0.77040210
      0.77089122
      0.77138035
      0.77186948
      0.77235860
      0.77284773
      0.77333686
      0.77382598
      0.77431511
      0.77480424
      0.77529336
      0.77578249
      0.77627162
      0.77676074
      0.77724987
      0.77773900
      0.77822812
      0.77871725
      0.77920638
      0.77969550
      0.78018463
      0.78067376
      0.78116288
      0.78165201
      0.78214114
      0.78263026
      0.78311939
      0.78360852
      0.78409764
      0.78458677
      0.78507590
      0.78556502
      0.78605415
      0.78654328
      0.78703240
      0.78752153
      0.78801066
      0.78849978
      0.78898891
      0.78947803
      0.78996716
      0.79045629
      0.79094541
      0.79143454
      0.79192367
      0.79241279
      0.79290192
      0.79339105
      0.79388017
      0.79436930
      0.79485843
      0.79534755
      0.79583668
      0.79632581
      0.79681493
      0.79730406
      0.79779319
      0.79828231
      0.79877144
      0.79926057
      0.79974969
      0.80023882
      0.80072795
      0.80121707
      0.80170620
      0.80219533
      0.80268445
      0.80317358
      0.80366271
      0.80415183
      0.80464096
      0.80513009
      0.80561921
      0.80610834
      0.80659747
      0.80708659
      0.80757572
      0.80806485
      0.80855397
      0.80904310
      0.80953223
      0.81002135
      0.81051048
      0.81099961
      0.81148873
      0.81197786
      0.81246698
      0.81295611
      0.81344524
      0.81393436
      0.81442349
      0.81491262
      0.81540174
      0.81589087
      0.81638000
      0.81686912
      0.81735825
      0.81784738
      0.81833650
      0.81882563
      0.81931476
      0.81980388
      0.82029301
      0.82078214
      0.82127126
      0.82176039
      0.82224952
      0.82273864
      0.82322777
      0.82371690
      0.82420602
      0.82469515
      0.82518428
      0.82567340
      0.82616253
      0.82665166
      0.82714078
      0.82762991
      0.82811904
      0.82860816
      0.82909729
      0.82958642
      0.83007554
      0.83056467
      0.83105380
      0.83154292
      0.83203205
      0.83252118
      0.83301030
      0.83349943
      0.83398855
      0.83447768
      0.83496681
      0.83545593
      0.83594506
      0.83643419
      0.83692331
      0.83741244
      0.83790157
      0.83839069
      0.83887982
      0.83936895
      0.83985807
      0.84034720
      0.84083633
      0.84132545
      0.84181458
      0.84230371
      0.84279283
      0.84328196
      0.84377109
      0.84426021
      0.84474934
      0.84523847
      0.84572759
      0.84621672
      0.84670585
      0.84719497
      0.84768410
      0.84817323
      0.84866235
      0.84915148
      0.84964061
      0.85012973
      0.85061886
      0.85110799
      0.85159711
      0.85208624
      0.85257537
      0.85306449
      0.85355362
      0.85404275
      0.85453187
      0.85502100
      0.85551013
      0.85599925
      0.85648838
      0.85697750
      0.85746663
      0.85795576
      0.85844488
      0.85893401
      0.85942314
      0.85991226
      0.86040139
      0.86089052
      0.86137964
      0.86186877
      0.86235790
      0.86284702
      0.86333615
      0.86382528
      0.86431440
      0.86480353
      0.86529266
      0.86578178
      0.86627091
      0.86676004
      0.86724916
      0.86773829
      0.86822742
      0.86871654
      0.86920567
      0.86969480
      0.87018392
      0.87067305
      0.87116218
      0.87165130
      0.87214043
      0.87262956
      0.87311868
      0.87360781
      0.87409694
      0.87458606
      0.87507519
      0.87556432
      0.87605344
      0.87654257
      0.87703170
      0.87752082
      0.87800995
      0.87849908
      0.87898820
      0.87947733
      0.87996645
      0.88045558
      0.88094471
      0.88143383
      0.88192296
      0.88241209
      0.88290121
      0.88339034
      0.88387947
      0.88436859
      0.88485772
      0.88534685
      0.88583597
      0.88632510
      0.88681423
      0.88730335
      0.88779248
      0.88828161
      0.88877073
      0.88925986
      0.88974899
      0.89023811
      0.89072724
      0.89121637
      0.89170549
      0.89219462
      0.89268375
      0.89317287
      0.89366200
      0.89415113
      0.89464025
      0.89512938
      0.89561851
      0.89610763
      0.89659676
      0.89708589
      0.89757501
      0.89806414
      0.89855327
      0.89904239
      0.89953152
      0.90002065
      0.90050977
      0.90099890
      0.90148803
      0.90197715
      0.90246628
      0.90295540
      0.90344453
      0.90393366
      0.90442278
      0.90491191
      0.90540104
      0.90589016
      0.90637929
      0.90686842
      0.90735754
      0.90784667
      0.90833580
      0.90882492
      0.90931405
      0.90980318
      0.91029230
      0.91078143
      0.91127056
      0.91175968
      0.91224881
      0.91273794
      0.91322706
      0.91371619
      0.91420532
      0.91469444
      0.91518357
      0.91567270
      0.91616182
      0.91665095
      0.91714008
      0.91762920
      0.91811833
      0.91860746
      0.91909658
      0.91958571
      0.92007484
      0.92056396
      0.92105309
      0.92154222
      0.92203134
      0.92252047
      0.92300960
      0.92349872
      0.92398785
      0.92447697
      0.92496610
      0.92545523
      0.92594435
      0.92643348
      0.92692261
      0.92741173
      0.92790086
      0.92838999
      0.92887911
      0.92936824
      0.92985737
      0.93034649
      0.93083562
      0.93132475
      0.93181387
      0.93230300
      0.93279213
      0.93328125
      0.93377038
      0.93425951
      0.93474863
      0.93523776
      0.93572689
      0.93621601
      0.93670514
      0.93719427
      0.93768339
      0.93817252
      0.93866165
      0.93915077
      0.93963990
      0.94012903
      0.94061815
      0.94110728
      0.94159641
      0.94208553
      0.94257466
      0.94306379
      0.94355291
      0.94404204
      0.94453117
      0.94502029
      0.94550942
      0.94599855
      0.94648767
      0.94697680
      0.94746592
      0.94795505
      0.94844418
      0.94893330
      0.94942243
      0.94991156
      0.95040068
      0.95088981
      0.95137894
      0.95186806
      0.95235719
      0.95284632
      0.95333544

Efficient solutions
    1      0.00382901     -0.02358242 ***       0.00133532 ***     3   jump
    2      0.00438195      0.00341123 ***       0.02686160 ***    55   jump
    3      0.00439716      0.00532909 ***       0.00187749 ***     4   jump
    4      0.00333582      0.00578651 ***       0.00037840 ***     1
    5      0.00339669      0.00854741 ***       0.00265018 ***     6   jump
    6      0.00441302      0.00952172 ***       0.00068973 ***     2   jump
    7      0.00434798      0.00985196 ***       0.00004172 ***     1
    8      0.00441765      0.01317284 ***       0.00287347 ***     6   jump
    9      0.00446005      0.01328771 ***       0.00005358 ***     1
   10      0.00443974      0.01450816 ***       0.00078491 ***     2   jump
   11      0.00452127      0.01560350 ***       0.00090199 ***     2   jump
   12      0.00446833      0.01574913 ***       0.00006937 ***     1
   13      0.00448597      0.01620860 ***       0.00003971 ***     1
   14      0.00456901      0.01730394 ***       0.00064592 ***     2   jump
   15      0.00459085      0.01769571 ***       0.00005944 ***     1
   16      0.00459620      0.01863926 ***       0.00051386 ***     2   jump
   17      0.00464674      0.01952742 ***       0.00042378 ***     1
   18      0.00465285      0.01961357 ***       0.00002080 ***     1
   19      0.00470471      0.02055712 ***       0.00047522 ***     1
   20      0.00471146      0.02068430 ***       0.00011327 ***     1
   21      0.00473982      0.02134683 ***       0.00028667 ***     1
   22      0.00366314      0.02177553 ***       0.00022625 ***     1
   23      0.00369534      0.02224320 ***       0.00020479 ***     1
   24      0.00479849      0.02268215 ***       0.00015462 ***     1
   25      0.00480698      0.02308624 ***       0.00006958 ***     1
   26      0.00374742      0.02382056 ***       0.00031478 ***     1
   27      0.00375368      0.02416106 ***       0.00016615 ***     1
   28      0.00486565      0.02467591 ***       0.00019187 ***     1
   29      0.00488328      0.02530973 ***       0.00033656 ***     1
   30      0.00489024      0.02575689 ***       0.00029459 ***     1
   31      0.00492554      0.02603585 ***       0.00008443 ***     1
   32      0.00494403      0.02648301 ***       0.00004246 ***     1
   33      0.00495899      0.02745732 ***       0.00052765 ***     2   jump
   34      0.00500961      0.02834549 ***       0.00043756 ***     1
   35      0.00501352      0.02840087 ***       0.00000382 ***     1
   36      0.00506894      0.02928903 ***       0.00040285 ***     1
   37      0.00507706      0.02973619 ***       0.00036089 ***     1
   38      0.00510354      0.03007874 ***       0.00021431 ***     1
   39      0.00368160      0.03081307 ***       0.00045951 ***     1
   40      0.00468932      0.03154739 ***       0.00070471 ***     2   jump
   41      0.00373091      0.03244581 ***       0.00062487 ***     2   jump
   42      0.00474260      0.03288272 ***       0.00008352 ***     1
   43      0.00476086      0.03367858 ***       0.00039026 ***     1
   44      0.00476438      0.03425496 ***       0.00047752 ***     1
   45      0.00478630      0.03541183 ***       0.00114526 ***     3   jump
   46      0.00481192      0.03599437 ***       0.00026042 ***     1
   47      0.00482057      0.03635538 ***       0.00013230 ***     1
   48      0.00482974      0.03732970 ***       0.00061749 ***     2   jump
   49      0.00546582      0.03821376 ***       0.00052330 ***     2   jump
   50      0.00663177      0.03903218 ***       0.00036347 ***     1
   51      0.00425365      0.03920653 ***       0.00004870 ***     1
   52      0.00489801      0.03990599 ***       0.00025902 ***     1
   53      0.00430504      0.04027726 ***       0.00014116 ***     1
   54      0.00494264      0.04072647 ***       0.00010125 ***     1
   55      0.00495070      0.04163924 ***       0.00052490 ***     2   jump
   56      0.00496376      0.04209871 ***       0.00000611 ***     1
   57      0.00498841      0.04268125 ***       0.00009952 ***     1
   58      0.00500427      0.04355711 ***       0.00048625 ***     1
   59      0.00500971      0.04401657 ***       0.00045659 ***     1
   60      0.00503321      0.04471398 ***       0.00066487 ***     2   jump
   61      0.00503976      0.04517344 ***       0.00014609 ***     1
   62      0.00508238      0.04561855 ***       0.00010207 ***     1
   63      0.00508913      0.04641441 ***       0.00040880 ***     1
   64      0.00509130      0.04650877 ***       0.00001403 ***     1
   65      0.00415886      0.04701541 ***       0.00003155 ***     1
   66      0.00511753      0.04774974 ***       0.00027675 ***     1
   67      0.00516016      0.04820920 ***       0.00024709 ***     1
   68      0.00517921      0.04908506 ***       0.00063382 ***     2   jump
   69      0.00519859      0.05006553 ***       0.00063603 ***     2   jump
   70      0.00522628      0.05140085 ***       0.00099310 ***     3   jump
   71      0.00528723      0.05273618 ***       0.00086105 ***     2   jump
   72      0.00507230      0.05293720 ***       0.00008381 ***     1
   73      0.00509015      0.05388074 ***       0.00053823 ***     2   jump
   74      0.00514074      0.05450841 ***       0.00018764 ***     1
   75      0.00628780      0.05518940 ***       0.00037951 ***     1
   76      0.00518381      0.05601193 ***       0.00071291 ***     2   jump
   77      0.00523143      0.05663959 ***       0.00036232 ***     1
   78      0.00524604      0.05695548 ***       0.00018908 ***     1
   79      0.00872624      0.05764262 ***       0.00038710 ***     1
   80      0.00876685      0.05781082 ***       0.00006617 ***     1
   81      0.00876827      0.05835234 ***       0.00011856 ***     1
   82      0.00652823      0.05891026 ***       0.00018736 ***     1
   83      0.00655861      0.05959946 ***       0.00038743 ***     1
   84      0.00884809      0.05977381 ***       0.00007265 ***     1
   85      0.00705783      0.06079120 ***       0.00060092 ***     2   jump
   86      0.00667163      0.06167321 ***       0.00050467 ***     2   jump
   87      0.00711839      0.06310699 ***       0.00096020 ***     2   jump
   88      0.00662549      0.06316648 ***       0.00004143 ***     1
   89      0.00718147      0.06444232 ***       0.00082815 ***     2   jump
   90      0.00666254      0.06471102 ***       0.00011860 ***     1
   91      0.00721937      0.06523818 ***       0.00015663 ***     1
   92      0.00725129      0.06559919 ***       0.00002851 ***     1
   93      0.00726165      0.06614275 ***       0.00008295 ***     1
   94      0.00574110      0.06665555 ***       0.00010662 ***     1
   95      0.00913172      0.06740423 ***       0.00036618 ***     1
   96      0.00580876      0.06762986 ***       0.00010268 ***     1
   97   